# Created by Octave 4.0.3, Sun Sep 25 19:54:22 2016 BRT <wpinhei@L-BRZN6K7G3Q-M.local>
# name: v
# type: matrix
# rows: 10
# columns: 1
 250
 200
 330
 250
 210
 190
 550
 430
 320
 185


